
strategic_region={
	id=11
	name="STRATEGICREGION_11"
	provinces={
		19596 19602 19603 19605 19607 19610 19612 19622 19626 19628 19633 19634 19635 19643 19647 19660 19666 19696 19699 19708 19716 19733 19736 19760 19764 19766 19773 19775 19779 19787 19793 19841 19858 19861 19863 19875 19881 19907 19914 19917 19934 19944 19945 19950 19951 19960 19970 19973 19979 19989 19996 20013 20043 20050 20055 20065 20074 
	}
	naval_terrain=water_deep_ocean
	weather={
period={
between={ 0.0 30.11 }
temperature={ 9.0 24.0 }
no_phenomenon=0.500
rain_light=1.000
rain_heavy=0.150
snow=0.000
blizzard=0.000
arctic_water=0.000
mud=0.300
sandstorm=0.000
min_snow_level=0.000

	}
}
