
strategic_region={
	id=115
	name="STRATEGICREGION_115"
	provinces={
		27 186 764 1117 1179 1261 1483 1716 1870 2191 2288 2389 2502 2983 3358 3649 3685 4025 4467 5068 5224 5715 6005 7035 7378 8313 9065 9074 10026 10499 11296 11546 12961 12983 17780 17906 17926 17969 17975 18017 18058 18109 18143 18202 20207 20797 20798 20804 20805 20806 20817 
	}
	weather={
period={
between={ 0.0 30.11 }
temperature={ 9.0 24.0 }
no_phenomenon=0.500
rain_light=1.000
rain_heavy=0.150
snow=0.000
blizzard=0.000
arctic_water=0.000
mud=0.300
sandstorm=0.000
min_snow_level=0.000

	}
}
