
strategic_region={
	id=160
	name="STRATEGICREGION_160"
	provinces={
		540 547 630 686 867 1404 1879 2036 2188 2468 2545 2749 2948 2965 3038 3615 3732 3776 3963 4236 5304 5390 5471 5683 5713 5714 5837 6008 6159 6599 6716 7233 7461 7787 8231 8466 8952 9235 10169 10519 11751 11796 12140 12510 12893 13719 13720 13728 13738 13747 13750 13770 13774 13798 13803 13822 20284 20938 20939 20940 20941 20942 20943 20944 20950 20965 20967 20970 20973 20976 20977 20978 20979 21001 21002 
	}
	weather={
period={
between={ 0.0 30.11 }
temperature={ 9.0 24.0 }
no_phenomenon=0.500
rain_light=1.000
rain_heavy=0.150
snow=0.000
blizzard=0.000
arctic_water=0.000
mud=0.300
sandstorm=0.000
min_snow_level=0.000

	}
}
